Name,POS,Team,GP,TOT TD,RZ TOT TD,RZ TOT TD %,ATT Inside 20,COMP Inside 20,COMP % Inside 20,TD Inside 20,INT Inside 20,ATT Inside 10,COMP Inside 10,COMP % Inside 10,TD Inside 10,INT Inside 10,ATT Inside 5,COMP Inside 5,COMP % Inside 5,TD Inside 5,INT Inside 5
"Aaron Rodgers","QB","GB",16,51,35,100,82,59,71.95,35,0,48,39,81.25,29,0,11,6,67,4,0
"Josh Allen","QB","BUF",16,46,25,96,84,53,63.1,25,0,44,28,63.64,19,0,7,3,73,3,0
"Tom Brady","QB","TB",16,43,28,100,84,51,60.71,28,0,51,31,60.78,24,0,6,4,72,4,0
"Russell Wilson","QB","SEA",16,42,29,100,82,52,63.41,29,3,45,27,60,21,3,3,3,100,3,0
"Patrick Mahomes","QB","KC",15,40,23,92,74,43,58.11,23,2,46,29,63.04,21,1,4,2,50,1,0
"Ryan Tannehill","QB","TEN",16,40,26,100,68,43,63.24,26,2,32,22,68.75,19,1,3,3,100,3,0
"Kyler Murray","QB","ARI",16,37,18,95,62,39,62.9,18,2,38,23,60.53,16,1,6,4,80,4,0
"Deshaun Watson","QB","HOU",16,36,17,100,85,50,58.82,17,0,48,24,50,13,0,1,1,100,1,0
"Justin Herbert","QB","LAC",15,36,20,100,71,39,54.93,20,1,33,19,57.58,13,0,2,2,100,2,0
"Kirk Cousins","QB","MIN",16,36,25,100,62,37,59.68,25,0,41,21,51.22,18,0,3,2,67,2,0
"Ben Roethlisberger","QB","PIT",15,33,20,95,73,43,58.9,20,2,36,17,47.22,13,1,3,1,25,1,0
"Lamar Jackson","QB","BAL",15,33,19,100,58,39,67.24,19,0,35,21,60,15,0,4,4,100,4,0
"Derek Carr","QB","LV",16,30,15,100,78,42,53.85,15,1,49,24,48.98,12,0,4,4,100,4,0
"Matt Ryan","QB","ATL",16,28,19,100,80,40,50,19,1,42,19,45.24,16,1,2,0,0,0,1
"Baker Mayfield","QB","CLE",16,27,21,100,71,45,63.38,21,0,43,24,55.81,17,0,7,4,56,3,0
"Drew Brees","QB","NO",12,26,19,90,62,39,62.9,19,0,19,14,73.68,10,0,5,3,50,2,0
"Matthew Stafford","QB","DET",16,26,17,94,66,36,54.55,17,2,27,14,51.85,11,1,3,3,100,3,0
"Jared Goff","QB","LAR",15,24,15,100,53,35,66.04,15,1,21,12,57.14,10,1,0,0,0,0,0
"Philip Rivers","QB","IND",16,24,17,100,73,45,61.64,17,1,26,16,61.54,10,0,3,1,50,1,0
"Cam Newton","QB","NE",15,21,5,71,36,19,52.78,5,1,14,7,50,4,0,0,0,0,0,0
"Carson Wentz","QB","PHI",12,21,12,80,51,28,54.9,12,2,18,13,72.22,9,1,2,2,67,2,0
"Teddy Bridgewater","QB","CAR",15,20,9,90,53,31,58.49,9,3,24,12,50,6,0,4,3,83,3,0
"Drew Lock","QB","DEN",13,19,11,79,50,28,56,11,2,24,14,58.33,11,1,2,1,50,0,0
"Gardner Minshew","QB","JAX",9,17,14,78,56,23,41.07,14,0,20,10,50,6,0,7,3,45,2,0
"Mitch Trubisky","QB","CHI",10,17,13,65,51,28,54.9,13,2,26,15,57.69,10,1,0,0,0,0,0
"Joe Burrow","QB","CIN",10,16,12,75,54,29,53.7,12,2,26,13,50,10,2,7,4,58,3,1
"Ryan Fitzpatrick","QB","MIA",9,15,10,53,33,16,48.48,10,3,20,10,50,8,1,6,3,63,2,0
"Andy Dalton","QB","DAL",11,14,11,73,51,29,56.86,11,3,21,10,47.62,8,0,0,0,0,0,0
"Tua Tagovailoa","QB","MIA",10,14,9,47,34,17,50,9,1,24,12,50,8,1,0,0,0,0,0
"Dak Prescott","QB","DAL",5,13,3,20,20,11,55,3,1,10,5,50,2,1,3,1,33,1,0
"Taysom Hill","QB","NO",16,13,2,10,14,10,71.43,2,0,10,6,60,0,0,0,0,0,0,0
"Daniel Jones","QB","NYG",14,12,7,88,59,32,54.24,7,3,23,12,52.17,5,2,3,1,25,0,0
"Nick Mullens","QB","SF",10,12,11,55,43,28,65.12,11,3,25,16,64,9,1,4,3,83,1,0
"Nick Foles","QB","CHI",9,11,7,35,36,19,52.78,7,1,19,9,47.37,5,1,0,0,0,0,0
"Sam Darnold","QB","NYJ",12,11,5,62,30,11,36.67,5,2,13,5,38.46,2,1,1,0,0,0,0
"Jalen Hurts","QB","PHI",15,9,3,20,10,5,50,3,1,5,2,40,2,0,0,0,0,0,0
"Jimmy Garoppolo","QB","SF",6,7,5,25,18,12,66.67,5,0,9,5,55.56,4,0,2,1,50,1,0
"Mike Glennon","QB","JAX",5,7,3,17,11,7,63.64,3,0,8,4,50,3,0,0,0,0,0,0
"Alex Smith","QB","WAS",8,6,5,45,28,17,60.71,5,1,13,7,53.85,3,0,0,0,0,0,0
"CJ Beathard","QB","SF",6,6,4,20,15,10,66.67,4,0,6,4,66.67,3,0,2,1,50,0,0
"Dwayne Haskins","QB","WAS",7,6,4,36,21,14,66.67,4,0,8,3,37.5,2,0,0,0,0,0,0
"Joe Flacco","QB","NYJ",5,6,3,38,11,5,45.45,3,0,6,1,16.67,1,0,0,0,0,0,0
"Brandon Allen","QB","CIN",5,5,3,19,14,6,42.86,3,1,8,3,37.5,3,1,0,0,0,0,0
"Kyle Allen","QB","WAS",4,5,2,18,9,5,55.56,2,0,4,2,50,1,0,0,0,0,0,0
"Chad Henne","QB","KC",16,3,2,8,9,7,77.78,2,0,4,3,75,2,0,0,0,0,0,0
"Jacoby Brissett","QB","IND",11,3,0,0,1,0,0,0,0,0,0,0,0,0,0,0,0,0,0
"Jake Luton","QB","JAX",3,3,1,6,3,2,66.67,1,1,0,0,0,0,0,0,0,0,0,0
"Jeff Driskel","QB","DEN",3,3,2,14,6,3,50,2,0,3,1,33.33,1,0,0,0,0,0,0
"Brett Rypien","QB","DEN",3,2,1,7,4,2,50,1,1,1,1,100,1,0,0,0,0,0,0
"Jarrett Stidham","QB","NE",5,2,1,14,3,1,33.33,1,0,2,1,50,1,0,2,1,50,1,0
"Marcus Mariota","QB","LV",1,2,0,0,3,1,33.33,0,0,3,1,33.33,0,0,0,0,0,0,0
"Mason Rudolph","QB","PIT",5,2,1,5,3,2,66.67,1,0,1,1,100,1,0,0,0,0,0,0
"Ryan Finley","QB","CIN",5,2,1,6,4,3,75,1,1,0,0,0,0,0,0,0,0,0,0
"Chase Daniel","QB","DET",4,1,1,6,5,3,60,1,0,3,2,66.67,1,0,0,0,0,0,0
"Chris Streveler","QB","ARI",5,1,1,5,2,2,100,1,0,0,0,0,0,0,0,0,0,0,0
"Colt McCoy","QB","NYG",4,1,1,12,10,4,40,1,1,3,1,33.33,1,0,0,0,0,0,0
"Garrett Gilbert","QB","DAL",1,1,0,0,3,1,33.33,0,1,2,0,0,0,1,0,0,0,0,0
"Phillip Walker","QB","CAR",4,1,1,10,5,3,60,1,2,3,1,33.33,0,2,0,0,0,0,0
"Taylor Heinicke","QB","WAS",1,1,0,0,2,1,50,0,0,0,0,0,0,0,0,0,0,0,0
"Ben DiNucci","QB","DAL",3,0,0,0,3,2,66.67,0,0,0,0,0,0,0,0,0,0,0,0
"Brian Hoyer","QB","NE",1,0,0,0,1,1,100,0,0,1,1,100,0,0,0,0,0,0,0
"Geno Smith","QB","SEA",1,0,0,0,1,1,100,0,0,0,0,0,0,0,0,0,0,0,0
"Jameis Winston","QB","NO",15,0,0,0,4,2,50,0,0,2,0,0,0,0,0,0,0,0,0
"John Wolford","QB","LAR",1,0,0,0,5,2,40,0,0,4,1,25,0,0,0,0,0,0,0
"Joshua Dobbs","QB","PIT",1,0,0,0,2,2,100,0,0,1,1,100,0,0,0,0,0,0,0
"Logan Woodside","QB","TEN",6,0,0,0,0,0,0,0,0,0,0,0,0,0,0,0,0,0,0
"Robert Griffin III","QB","BAL",4,0,0,0,1,0,0,0,0,1,0,0,0,0,0,0,0,0,0
"Tim Boyle","QB","GB",8,0,0,0,0,0,0,0,0,0,0,0,0,0,0,0,0,0,0
"Tyrod Taylor","QB","LAC",2,0,0,0,4,0,0,0,0,3,0,0,0,0,2,0,0,0,0